PR-AUC: 0.34170760354284996
ROC-AUC: 0.8788690906390122
