PR-AUC: 0.3393476851290373
ROC-AUC: 0.8795132802813622
