PR-AUC: 0.3413954617514639
ROC-AUC: 0.8802628648386839
