PR-AUC: 0.3420538406196282
ROC-AUC: 0.8801476861121843
