PR-AUC: 0.3428692135180259
ROC-AUC: 0.8797773327594719
