PR-AUC: 0.3388006155267048
ROC-AUC: 0.880034201025834
