PR-AUC: 0.35335840076795805
ROC-AUC: 0.8842287723371066
