PR-AUC: 0.3512152401306826
ROC-AUC: 0.885365946900833
