PR-AUC: 0.3377054376013561
ROC-AUC: 0.8755741134473303
