PR-AUC: 0.32709287947113014
ROC-AUC: 0.870482483363826
