PR-AUC: 0.33014253577036123
ROC-AUC: 0.8722249596150509
