PR-AUC: 0.33823699194212903
ROC-AUC: 0.8762426680678004
