PR-AUC: 0.33203828317711337
ROC-AUC: 0.8732131962634393
