PR-AUC: 0.3278329929974482
ROC-AUC: 0.8709123799451313
