PR-AUC: 0.328851118327636
ROC-AUC: 0.8714779064571541
