PR-AUC: 0.3256981873926958
ROC-AUC: 0.8696449475230101
