PR-AUC: 0.33465696280711527
ROC-AUC: 0.8745933072406789
