PR-AUC: 0.3260834955899933
ROC-AUC: 0.869862985347632
