PR-AUC: 0.32652597561846486
ROC-AUC: 0.8701379908014459
